1234 5678 9087 654 3234 5 67 890 98 7 34567 89 87 6545 67
1234 5678 9087 654 3234 5 67 890 98 7 34567 89 87 6545 67
1234 5678 9087 654 3234 5 67 890 98 7 34567 89 87 6545 67
1234 5678 9087 654 3234 5 67 890 98 7 34567 89 87 6545 67
1234 5678 9087 654 3234 5 67 890 98 7 34567 89 87 6545 67
1234 5678 9087 654 3234 5 67 890 98 7 34567 89 87 6545 67
1234 5678 9087 654 3234 5 67 890 98 7 34567 89 87 6545 67
1234 5678 9087 654 3234 5 67 890 98 7 34567 89 87 6545 67
1234 5678 9087 654 3234 5 67 890 98 7 34567 89 87 6545 67
1234 5678 9087 654 3234 5 67 890 98 7 34567 89 87 6545 67
1234 5678 9087 654 3234 5 67 890 98 7 34567 89 87 6545 67
1234 5678 9087 654 3234 5 67 890 98 7 34567 89 87 6545 67
1234 5678 9087 654 3234 5 67 890 98 7 34567 89 87 6545 67
1234 5678 9087 654 3234 5 67 890 98 7 34567 89 87 6545 67
1234 5678 9087 654 3234 5 67 890 98 7 34567 89 87 6545 67
1234 5678 9087 654 3234 5 67 890 98 7 34567 89 87 6545 67
1234 5678 9087 654 3234 5 67 890 98 7 34567 89 87 6545 67
1234 5678 9087 654 3234 5 67 890 98 7 34567 89 87 6545 67
1234 5678 9087 654 3234 5 67 890 98 7 34567 89 87 6545 67
1234 5678 9087 654 3234 5 67 890 98 7 34567 89 87 6545 67
1234 5678 9087 654 3234 5 67 890 98 7 34567 89 87 6545 67
1234 5678 9087 654 3234 5 67 890 98 7 34567 89 87 6545 67
1234 5678 9087 654 3234 5 67 890 98 7 34567 89 87 6545 67
1234 5678 9087 654 3234 5 67 890 98 7 34567 89 87 6545 67
